[54, 56, 54, 57, 54] is UNSAFE
[70, 73, 75, 74, 77, 79, 81, 81] is UNSAFE
[90, 93, 95, 92, 99] is UNSAFE
[36, 37, 37, 39, 42, 39] is UNSAFE
[32, 35, 38, 40, 40, 40] is UNSAFE
[17, 19, 19, 21, 22, 23, 25, 29] is UNSAFE
[9, 11, 12, 12, 14, 20] is UNSAFE
[20, 22, 26, 27, 28, 29] is UNSAFE
[75, 78, 82, 84, 87, 84] is UNSAFE
[78, 79, 83, 85, 88, 91, 91] is UNSAFE
[30, 31, 32, 36, 40] is UNSAFE
[68, 69, 72, 76, 79, 82, 88] is UNSAFE
[29, 31, 37, 38, 40, 43, 45, 46] is UNSAFE
[23, 26, 31, 34, 32] is UNSAFE
[59, 61, 62, 69, 72, 72] is UNSAFE
[39, 40, 42, 49, 50, 53, 55, 59] is UNSAFE
[60, 61, 63, 68, 71, 78] is UNSAFE
[27, 25, 26, 27, 30, 31] is UNSAFE
[92, 89, 90, 91, 92, 91] is UNSAFE
[25, 24, 26, 28, 28] is UNSAFE
[45, 44, 47, 49, 52, 56] is UNSAFE
[45, 44, 47, 48, 55] is UNSAFE
[13, 11, 9, 11, 14, 16, 19] is UNSAFE
[70, 69, 71, 68, 70, 73, 72] is UNSAFE
[25, 24, 26, 27, 29, 28, 28] is UNSAFE
[43, 41, 43, 42, 43, 44, 48] is UNSAFE
[15, 13, 15, 14, 16, 19, 24] is UNSAFE
[26, 23, 26, 28, 28, 31] is UNSAFE
[81, 79, 79, 81, 84, 85, 84] is UNSAFE
[15, 12, 15, 15, 15] is UNSAFE
[83, 82, 85, 85, 87, 91] is UNSAFE
[33, 31, 32, 32, 39] is UNSAFE
[84, 82, 85, 89, 90] is UNSAFE
[67, 64, 67, 71, 72, 75, 78, 76] is UNSAFE
[17, 15, 19, 22, 23, 25, 25] is UNSAFE
[44, 42, 43, 47, 51] is UNSAFE
[6, 3, 7, 8, 9, 16] is UNSAFE
[39, 36, 38, 43, 44, 45, 48, 50] is UNSAFE
[93, 92, 93, 98, 99, 96] is UNSAFE
[19, 16, 19, 20, 22, 25, 31, 31] is UNSAFE
[56, 53, 55, 60, 61, 62, 65, 69] is UNSAFE
[19, 18, 21, 23, 28, 30, 35] is UNSAFE
[84, 84, 85, 86, 89] is UNSAFE
[44, 44, 45, 48, 47] is UNSAFE
[48, 48, 50, 53, 53] is UNSAFE
[84, 84, 85, 86, 89, 91, 94, 98] is UNSAFE
[21, 21, 23, 24, 26, 33] is UNSAFE
[38, 38, 40, 37, 39] is UNSAFE
[41, 41, 43, 40, 37] is UNSAFE
[6, 6, 3, 6, 9, 10, 10] is UNSAFE
[32, 32, 34, 35, 36, 35, 37, 41] is UNSAFE
[54, 54, 52, 53, 55, 56, 61] is UNSAFE
[86, 86, 88, 88, 91, 92, 95, 96] is UNSAFE
[42, 42, 42, 43, 44, 46, 47, 46] is UNSAFE
[24, 24, 24, 26, 27, 28, 28] is UNSAFE
[38, 38, 39, 39, 43] is UNSAFE
[21, 21, 24, 27, 27, 28, 33] is UNSAFE
[52, 52, 54, 57, 61, 62] is UNSAFE
[60, 60, 61, 65, 64] is UNSAFE
[45, 45, 46, 47, 51, 54, 57, 57] is UNSAFE
[27, 27, 31, 33, 34, 37, 38, 42] is UNSAFE
[21, 21, 22, 26, 27, 34] is UNSAFE
[52, 52, 58, 59, 60, 63, 65, 66] is UNSAFE
[47, 47, 54, 56, 57, 56] is UNSAFE
[57, 57, 60, 63, 64, 65, 70, 70] is UNSAFE
[39, 39, 42, 47, 50, 53, 56, 60] is UNSAFE
[22, 22, 25, 27, 30, 37, 40, 45] is UNSAFE
[56, 60, 62, 65, 67, 68, 66] is UNSAFE
[78, 82, 83, 85, 88, 89, 89] is UNSAFE
[4, 8, 10, 13, 14, 18] is UNSAFE
[80, 84, 86, 88, 90, 91, 96] is UNSAFE
[33, 37, 40, 43, 44, 46, 43, 40] is UNSAFE
[48, 52, 53, 55, 56, 55, 57, 57] is UNSAFE
[66, 70, 67, 68, 69, 72, 76] is UNSAFE
[63, 67, 70, 71, 73, 74, 72, 78] is UNSAFE
[36, 40, 40, 43, 45] is UNSAFE
[1, 5, 5, 7, 6] is UNSAFE
[61, 65, 67, 68, 71, 74, 74, 74] is UNSAFE
[68, 72, 73, 73, 74, 78] is UNSAFE
[37, 41, 42, 44, 44, 47, 48, 53] is UNSAFE
[65, 69, 70, 71, 75, 76] is UNSAFE
[13, 17, 18, 20, 23, 27, 30, 27] is UNSAFE
[8, 12, 14, 18, 21, 22, 22] is UNSAFE
[7, 11, 12, 15, 19, 21, 24, 28] is UNSAFE
[24, 28, 32, 35, 36, 41] is UNSAFE
[59, 63, 66, 71, 72] is UNSAFE
[15, 19, 20, 26, 25] is UNSAFE
[25, 29, 34, 36, 36] is UNSAFE
[32, 36, 37, 42, 43, 46, 48, 52] is UNSAFE
[8, 12, 19, 20, 22, 28] is UNSAFE
[74, 81, 82, 85, 83] is UNSAFE
[67, 72, 73, 76, 77, 77] is UNSAFE
[22, 27, 30, 33, 34, 37, 38, 42] is UNSAFE
[13, 19, 21, 24, 26, 28, 33] is UNSAFE
[50, 57, 58, 57, 60, 63] is UNSAFE
[16, 21, 24, 26, 27, 25, 28, 27] is UNSAFE
[84, 91, 89, 91, 92, 95, 95] is UNSAFE
[50, 56, 54, 57, 59, 60, 64] is UNSAFE
[4, 9, 11, 13, 16, 14, 19] is UNSAFE
[14, 20, 23, 24, 24, 27] is UNSAFE
[64, 70, 73, 73, 72] is UNSAFE
[40, 47, 48, 48, 51, 52, 55, 55] is UNSAFE
[80, 86, 86, 88, 91, 93, 95, 99] is UNSAFE
[63, 70, 71, 71, 78] is UNSAFE
[20, 26, 30, 31, 34, 37, 39, 40] is UNSAFE
[61, 68, 69, 73, 74, 77, 78, 77] is UNSAFE
[64, 71, 74, 76, 79, 81, 85, 85] is UNSAFE
[14, 19, 21, 24, 28, 32] is UNSAFE
[3, 10, 12, 14, 16, 18, 22, 29] is UNSAFE
[7, 12, 14, 17, 20, 23, 29, 31] is UNSAFE
[49, 56, 62, 65, 67, 65] is UNSAFE
[68, 75, 80, 83, 85, 86, 89, 89] is UNSAFE
[51, 58, 59, 65, 68, 70, 74] is UNSAFE
[44, 51, 54, 60, 62, 63, 66, 73] is UNSAFE
[11, 10, 7, 6, 9, 6, 4, 5] is UNSAFE
[90, 89, 88, 90, 88, 88] is UNSAFE
[26, 24, 26, 25, 24, 22, 17] is UNSAFE
[34, 32, 29, 27, 27, 30] is UNSAFE
[5, 4, 2, 1, 1, 1] is UNSAFE
[41, 38, 36, 35, 35, 32, 31, 27] is UNSAFE
[90, 89, 89, 87, 86, 80] is UNSAFE
[81, 80, 77, 73, 72] is UNSAFE
[60, 58, 57, 53, 51, 52] is UNSAFE
[98, 96, 95, 92, 88, 88] is UNSAFE
[60, 59, 55, 54, 53, 51, 47] is UNSAFE
[68, 66, 62, 59, 52] is UNSAFE
[34, 33, 28, 25, 22] is UNSAFE
[37, 34, 31, 26, 24, 22, 20, 21] is UNSAFE
[90, 88, 87, 81, 81] is UNSAFE
[51, 49, 43, 40, 38, 34] is UNSAFE
[41, 38, 37, 34, 32, 30, 23, 17] is UNSAFE
[53, 56, 54, 53, 52, 50, 48, 45] is UNSAFE
[36, 37, 35, 34, 33, 32, 31, 33] is UNSAFE
[83, 84, 83, 82, 82] is UNSAFE
[89, 90, 87, 86, 82] is UNSAFE
[72, 75, 72, 69, 66, 63, 58] is UNSAFE
[19, 21, 20, 19, 17, 19, 16] is UNSAFE
[57, 59, 57, 54, 53, 55, 54, 54] is UNSAFE
[77, 80, 81, 80, 78, 75, 74, 70] is UNSAFE
[81, 82, 79, 77, 76, 77, 71] is UNSAFE
[83, 84, 83, 83, 81, 79, 76] is UNSAFE
[59, 62, 59, 57, 57, 60] is UNSAFE
[84, 87, 86, 84, 84, 83, 83] is UNSAFE
[41, 43, 41, 38, 38, 34] is UNSAFE
[74, 75, 73, 73, 67] is UNSAFE
[79, 82, 79, 77, 76, 75, 71, 69] is UNSAFE
[46, 49, 45, 44, 45] is UNSAFE
[70, 71, 70, 66, 66] is UNSAFE
[34, 36, 35, 32, 28, 24] is UNSAFE
[60, 61, 57, 54, 49] is UNSAFE
[15, 17, 14, 8, 7, 6, 5] is UNSAFE
[17, 18, 16, 11, 14] is UNSAFE
[91, 93, 86, 83, 81, 80, 80] is UNSAFE
[40, 41, 35, 33, 29] is UNSAFE
[31, 34, 32, 30, 25, 24, 17] is UNSAFE
[71, 71, 70, 68, 67, 66] is UNSAFE
[65, 65, 64, 61, 58, 57, 60] is UNSAFE
[37, 37, 35, 33, 30, 27, 26, 26] is UNSAFE
[67, 67, 66, 65, 61] is UNSAFE
[86, 86, 85, 82, 81, 74] is UNSAFE
[95, 95, 92, 95, 92] is UNSAFE
[58, 58, 55, 54, 56, 53, 54] is UNSAFE
[37, 37, 35, 32, 33, 30, 28, 28] is UNSAFE
[56, 56, 53, 51, 48, 49, 45] is UNSAFE
[33, 33, 30, 29, 28, 31, 26] is UNSAFE
[37, 37, 37, 35, 34, 31, 29] is UNSAFE
[26, 26, 26, 25, 28] is UNSAFE
[67, 67, 67, 64, 64] is UNSAFE
[80, 80, 77, 77, 73] is UNSAFE
[47, 47, 47, 44, 41, 36] is UNSAFE
[54, 54, 52, 50, 46, 45, 42, 41] is UNSAFE
[52, 52, 50, 46, 43, 46] is UNSAFE
[38, 38, 34, 32, 31, 29, 29] is UNSAFE
[99, 99, 97, 95, 91, 90, 89, 85] is UNSAFE
[26, 26, 24, 20, 18, 16, 14, 8] is UNSAFE
[16, 16, 14, 11, 9, 4, 2] is UNSAFE
[78, 78, 75, 73, 67, 69] is UNSAFE
[37, 37, 35, 28, 28] is UNSAFE
[83, 83, 80, 79, 73, 69] is UNSAFE
[59, 59, 57, 55, 52, 47, 40] is UNSAFE
[45, 41, 40, 39, 37, 39] is UNSAFE
[99, 95, 93, 92, 90, 89, 86, 86] is UNSAFE
[59, 55, 53, 50, 47, 43] is UNSAFE
[59, 55, 52, 49, 44] is UNSAFE
[96, 92, 90, 87, 90, 89, 91] is UNSAFE
[60, 56, 54, 51, 52, 52] is UNSAFE
[17, 13, 11, 13, 11, 10, 6] is UNSAFE
[66, 62, 61, 60, 63, 56] is UNSAFE
[72, 68, 65, 65, 62] is UNSAFE
[45, 41, 38, 38, 39] is UNSAFE
[56, 52, 49, 48, 48, 48] is UNSAFE
[58, 54, 51, 51, 50, 46] is UNSAFE
[69, 65, 62, 59, 59, 58, 53] is UNSAFE
[93, 89, 88, 85, 81, 80] is UNSAFE
[38, 34, 32, 28, 30] is UNSAFE
[22, 18, 17, 13, 11, 11] is UNSAFE
[49, 45, 42, 40, 37, 35, 31, 27] is UNSAFE
[70, 66, 63, 60, 56, 51] is UNSAFE
[71, 67, 64, 58, 57, 56, 54, 51] is UNSAFE
[89, 85, 78, 76, 73, 71, 70, 72] is UNSAFE
[67, 63, 62, 59, 56, 49, 47, 47] is UNSAFE
[88, 84, 82, 75, 72, 69, 68, 64] is UNSAFE
[46, 42, 40, 37, 35, 28, 25, 20] is UNSAFE
[58, 53, 52, 49, 51] is UNSAFE
[30, 24, 22, 19, 19] is UNSAFE
[61, 54, 53, 50, 47, 45, 41] is UNSAFE
[75, 70, 67, 65, 59] is UNSAFE
[29, 24, 23, 20, 17, 18, 21] is UNSAFE
[17, 11, 9, 6, 4, 6, 6] is UNSAFE
[93, 88, 90, 88, 84] is UNSAFE
[53, 48, 46, 45, 42, 45, 44, 38] is UNSAFE
[22, 17, 14, 13, 10, 10, 9] is UNSAFE
[65, 58, 57, 56, 56, 55, 53, 55] is UNSAFE
[35, 30, 29, 29, 26, 26] is UNSAFE
[19, 14, 12, 11, 10, 10, 8, 4] is UNSAFE
[70, 65, 62, 60, 60, 59, 57, 51] is UNSAFE
[98, 91, 88, 86, 84, 80, 78] is UNSAFE
[41, 36, 34, 30, 29, 31] is UNSAFE
[45, 38, 37, 33, 33] is UNSAFE
[55, 49, 46, 42, 39, 36, 35, 31] is UNSAFE
[78, 72, 69, 65, 64, 62, 55] is UNSAFE
[97, 91, 84, 82, 79, 77, 76] is UNSAFE
[95, 89, 82, 81, 83] is UNSAFE
[43, 37, 35, 34, 28, 25, 24, 24] is UNSAFE
[87, 82, 77, 74, 71, 67] is UNSAFE
[56, 49, 48, 45, 40, 39, 34] is UNSAFE
[89, 90, 88, 85, 84, 84, 77] is UNSAFE
[35, 39, 41, 42, 43, 44, 41, 47] is UNSAFE
[45, 44, 43, 39, 36, 34, 34] is UNSAFE
[9, 8, 12, 13, 15, 22] is UNSAFE
[74, 72, 73, 75, 76, 78, 81, 85] is UNSAFE
[53, 53, 50, 52, 50, 48, 51] is UNSAFE
[98, 98, 96, 92, 88] is UNSAFE
[87, 87, 84, 82, 83, 80, 78, 74] is UNSAFE
[74, 70, 67, 70, 68, 66, 68] is UNSAFE
[78, 74, 71, 68, 64, 61, 56] is UNSAFE
[53, 53, 50, 48, 47] is UNSAFE
[52, 47, 47, 44, 41, 40, 37, 37] is UNSAFE
[78, 78, 79, 80, 81, 83] is UNSAFE
[76, 80, 79, 82, 83, 84, 88] is UNSAFE
[47, 43, 41, 38, 34, 32, 30, 27] is UNSAFE
[43, 43, 42, 37, 36] is UNSAFE
[30, 37, 40, 44, 51] is UNSAFE
[76, 82, 85, 89, 93] is UNSAFE
[63, 58, 57, 54, 53, 52, 54] is UNSAFE
[40, 40, 40, 43, 46, 49, 49] is UNSAFE
[66, 68, 66, 65, 64, 63, 63] is UNSAFE
[52, 59, 60, 61, 63, 68] is UNSAFE
[69, 64, 62, 60, 59, 54, 52, 45] is UNSAFE
[86, 81, 79, 77, 77, 73] is UNSAFE
[63, 58, 56, 54, 53, 49] is UNSAFE
[55, 53, 50, 53, 55, 58, 60, 57] is UNSAFE
[56, 62, 65, 63, 66, 67] is UNSAFE
[63, 64, 61, 55, 52, 51, 48, 48] is UNSAFE
[67, 64, 67, 74, 78] is UNSAFE
[23, 19, 16, 12, 9, 5] is UNSAFE
[17, 17, 14, 12, 9, 2] is UNSAFE
[20, 13, 11, 7, 4, 6] is UNSAFE
[41, 37, 35, 30, 28, 25] is UNSAFE
[13, 13, 12, 10, 6, 6] is UNSAFE
[34, 30, 28, 26, 24, 19] is UNSAFE
[69, 71, 70, 68, 68, 66, 62] is UNSAFE
[93, 93, 92, 89, 88, 86, 81, 77] is UNSAFE
[52, 53, 57, 59, 60, 61, 63, 63] is UNSAFE
[92, 91, 90, 87, 87, 84, 77] is UNSAFE
[66, 66, 69, 72, 79, 81] is UNSAFE
[78, 73, 72, 73, 71, 70] is UNSAFE
[54, 49, 46, 45, 44, 39] is UNSAFE
[64, 70, 73, 76, 77, 77] is UNSAFE
[37, 37, 38, 39, 43, 41] is UNSAFE
[63, 67, 70, 76, 79, 81, 83, 83] is UNSAFE
[68, 67, 69, 69, 70, 74] is UNSAFE
[57, 56, 55, 54, 50, 46] is UNSAFE
[28, 29, 30, 30, 33, 30] is UNSAFE
[57, 55, 57, 60, 62, 65] is UNSAFE
[84, 84, 88, 91, 97] is UNSAFE
[19, 19, 17, 15, 14, 13, 15] is UNSAFE
[1, 2, 5, 12, 15, 16, 17, 15] is UNSAFE
[80, 87, 90, 91, 91, 93, 91] is UNSAFE
[52, 56, 58, 63, 64, 62] is UNSAFE
[24, 24, 25, 31, 33, 34, 36, 36] is UNSAFE
[80, 86, 86, 88, 93] is UNSAFE
[93, 94, 92, 93, 95, 98] is UNSAFE
[17, 21, 23, 25, 25, 30] is UNSAFE
[37, 31, 31, 29, 27, 25, 23, 20] is UNSAFE
[41, 34, 32, 29, 29, 27, 30] is UNSAFE
[39, 39, 40, 43, 46, 43] is UNSAFE
[18, 18, 16, 16, 12] is UNSAFE
[17, 17, 20, 23, 25, 29, 31, 35] is UNSAFE
[50, 50, 57, 58, 65] is UNSAFE
[14, 14, 13, 13, 15] is UNSAFE
[45, 42, 43, 45, 50, 53] is UNSAFE
[49, 46, 47, 53, 55, 56, 59, 58] is UNSAFE
[30, 32, 30, 28, 24, 20] is UNSAFE
[34, 33, 34, 32, 35, 39] is UNSAFE
[62, 58, 56, 56, 53, 53] is UNSAFE
[34, 33, 27, 24, 22] is UNSAFE
[37, 39, 32, 29, 26, 22] is UNSAFE
[34, 30, 27, 24, 18, 18] is UNSAFE
[78, 75, 72, 69, 71, 69, 67, 67] is UNSAFE
[64, 64, 68, 69, 72, 73, 76, 76] is UNSAFE
[21, 19, 20, 23, 26, 33, 33] is UNSAFE
[58, 54, 52, 49, 43, 45] is UNSAFE
[78, 78, 75, 74, 73, 72, 72] is UNSAFE
[29, 31, 28, 29, 27, 24, 17] is UNSAFE
[38, 38, 35, 33, 31, 24, 27] is UNSAFE
[69, 69, 66, 65, 64, 62, 58, 59] is UNSAFE
[53, 59, 60, 67, 70] is UNSAFE
[88, 90, 89, 85, 83, 82] is UNSAFE
[14, 14, 12, 11, 7] is UNSAFE
[18, 25, 27, 29, 31, 34, 32] is UNSAFE
[70, 70, 73, 71, 71] is UNSAFE
[39, 43, 50, 53, 55, 57] is UNSAFE
[95, 93, 95, 93, 92, 90, 88, 89] is UNSAFE
[95, 90, 86, 85, 85] is UNSAFE
[30, 36, 40, 42, 43] is UNSAFE
[50, 54, 55, 56, 57, 57, 60] is UNSAFE
[83, 84, 81, 79, 78, 80, 78] is UNSAFE
[56, 63, 64, 67, 71, 71] is UNSAFE
[85, 82, 84, 83, 77] is UNSAFE
[69, 69, 69, 66, 60] is UNSAFE
[35, 36, 33, 27, 24, 27] is UNSAFE
[29, 27, 24, 17, 16, 16] is UNSAFE
[8, 6, 3, 5, 12] is UNSAFE
[23, 24, 23, 21, 20, 22] is UNSAFE
[3, 5, 2, 3, 4, 1] is UNSAFE
[55, 55, 57, 59, 59, 66] is UNSAFE
[31, 28, 29, 32, 32, 33, 36] is UNSAFE
[27, 33, 30, 31, 31] is UNSAFE
[25, 28, 30, 27, 29, 30, 31, 35] is UNSAFE
[47, 50, 48, 51, 51] is UNSAFE
[9, 15, 17, 19, 18, 20, 21, 18] is UNSAFE
[76, 80, 80, 82, 82] is UNSAFE
[47, 42, 40, 37, 36, 36, 34, 27] is UNSAFE
[17, 22, 23, 26, 33, 33] is UNSAFE
[48, 42, 40, 39, 42, 43] is UNSAFE
[56, 61, 66, 67, 68, 66] is UNSAFE
[81, 78, 74, 71, 68, 67, 65, 60] is UNSAFE
[84, 84, 88, 89, 90, 93, 96, 98] is UNSAFE
[84, 84, 83, 81, 79, 80, 73] is UNSAFE
[22, 18, 19, 17, 10] is UNSAFE
[36, 42, 42, 44, 47, 50, 50] is UNSAFE
[38, 38, 39, 41, 44, 46, 47, 47] is UNSAFE
[97, 92, 91, 90, 88, 81, 78, 75] is UNSAFE
[77, 80, 77, 76, 73, 69, 71] is UNSAFE
[31, 30, 35, 38, 41, 48] is UNSAFE
[79, 75, 75, 73, 66] is UNSAFE
[28, 32, 35, 39, 40, 43] is UNSAFE
[29, 30, 28, 26, 24, 21, 23, 19] is UNSAFE
[65, 64, 68, 71, 72, 75] is UNSAFE
[72, 78, 80, 77, 79, 80, 84] is UNSAFE
[62, 55, 54, 53, 48, 46, 45, 45] is UNSAFE
[49, 45, 43, 41, 38, 35, 34, 34] is UNSAFE
[55, 53, 51, 51, 49, 48, 45, 48] is UNSAFE
[8, 12, 13, 16, 18, 19, 23, 20] is UNSAFE
[72, 78, 82, 83, 82] is UNSAFE
[50, 53, 49, 48, 48] is UNSAFE
[22, 26, 29, 32, 37, 43] is UNSAFE
[64, 70, 73, 76, 80] is UNSAFE
[22, 26, 28, 32, 33, 34, 35, 35] is UNSAFE
[75, 74, 75, 76, 78, 84] is UNSAFE
[10, 10, 12, 19, 23] is UNSAFE
[6, 8, 13, 15, 19] is UNSAFE
[84, 85, 83, 83, 81, 80] is UNSAFE
[81, 81, 84, 81, 78, 76, 74] is UNSAFE
[46, 45, 46, 49, 46, 48, 48] is UNSAFE
[65, 65, 62, 60, 60, 58, 57, 57] is UNSAFE
[48, 50, 52, 58, 60, 63, 66, 66] is UNSAFE
[37, 34, 27, 26, 23, 22, 19, 21] is UNSAFE
[48, 52, 54, 54, 56, 59, 61, 65] is UNSAFE
[12, 16, 17, 20, 23, 25, 27, 34] is UNSAFE
[40, 37, 37, 36, 32] is UNSAFE
[59, 63, 66, 67, 71] is UNSAFE
[54, 54, 56, 55, 58, 62] is UNSAFE
[48, 51, 51, 54, 56, 56] is UNSAFE
[45, 44, 40, 39, 37] is UNSAFE
[78, 72, 73, 72, 68] is UNSAFE
[25, 21, 20, 18, 16, 18] is UNSAFE
[32, 30, 30, 32, 33, 35, 33] is UNSAFE
[51, 53, 46, 44, 43, 42, 41, 36] is UNSAFE
[21, 14, 11, 14, 11, 8, 3] is UNSAFE
[50, 50, 52, 50, 57] is UNSAFE
[5, 7, 10, 14, 15, 16, 17, 15] is UNSAFE
[37, 38, 37, 34, 31] is UNSAFE
[75, 78, 79, 80, 84, 85, 91] is UNSAFE
[29, 28, 25, 21, 20, 18, 16, 17] is UNSAFE
[24, 24, 21, 17, 15, 12] is UNSAFE
[48, 44, 44, 43, 40] is UNSAFE
[14, 18, 20, 24, 26, 28, 29, 35] is UNSAFE
[15, 14, 14, 17, 17] is UNSAFE
[61, 61, 63, 65, 68, 71, 75] is UNSAFE
[56, 55, 57, 57, 63] is UNSAFE
[3, 5, 6, 9, 11, 15, 19] is UNSAFE
[90, 83, 82, 78, 76, 75, 74, 73] is UNSAFE
[87, 87, 85, 87, 90, 93] is UNSAFE
[67, 73, 75, 77, 83, 85, 90] is UNSAFE
